SetPoint(  0, -5,30,-1000, 0.0,0.0,0.0);
SetPoint( 20, -5,20,-1020, 0.0,0.0,0.0);
SetPoint( 60, -5,15,-1060, 0.0,0.0,0.0);
PutTargetAmmo(0, 70,0,1.0);
PutTargetAmmo(0, 80,0,1.0);
PutTargetAmmo(0, 90,0,1.0);
PutTargetAmmo(0, 100,0,1.0);
PutTargetAmmo(0, 110,0,1.0);
SetPoint(120, -5,15,-1120, 0.0,0.0,0.0);
SetPoint(180, -5,15,-1180, 0.0,0.0,0.0);
SetPoint(200, -5,15,-1200, 0.0,0.0,90.0);
SetPoint(240, -25,20,-1240, 0.0,15.0,90.0);
SetPoint(300, -50,30,-1300, 0.0,35.0,90.0);
Delete(300);
